0        91.0467        56.7145              0
0        93.5106        56.8924              1
0        94.2732        56.7307              2
0         94.828        56.8895              3
0        94.4248        57.0838              4
0        93.8596        57.0925              5
0        91.2592        56.4421              6
0        94.5959        56.4897              7
0         93.199          55.03              8
0        92.4755        54.9216              9
0        93.6373        54.6655             10
0        93.1984        54.7355             11
0         93.038        55.4967             12
0         90.586        55.5784             13
0        90.8609        57.0725             14
0        91.0846        56.4809             15
0        93.5644        56.5181             16
0        96.2012        56.8509             17
0         95.453         56.823             18
0        94.6631        56.3516             19
0        94.0764        56.3431             20
0        92.4164        53.0344             21
0        92.9067        53.1472             22
0        92.5969        53.2386             23
1        92.4469        53.2669             24
0         92.625        53.3258             25
0        92.1008        54.2128             26
0        92.6394        54.3214             27
0        91.9939        54.3894             28
0        92.5497         54.445             29
0        92.5333        54.5436             30
0          92.44        54.5622             31
0        92.1483        54.9553             32
0         91.035        55.1831             33
1        91.8875        55.2008             34
0        92.3419        55.2361             35
0        91.5014        55.2867             36
0        91.4519        55.3231             37
1        92.0883        55.3544             38
0        95.7764        55.3803             39
0        90.9942        55.4078             40
0        91.8542        55.4678             41
0        91.2625        55.4864             42
0        91.5683        55.5022             43
0        91.4592        55.5231             44
0        91.3806        55.5589             45
0        95.5881        55.6044             46
1        93.0031        55.6925             47
1        96.2939        55.7128             48
0        96.4178        55.7422             49
0        96.6231        55.7897             50
0        95.2811        55.8036             51
0        96.1511        55.8506             52
0        93.2339        55.8728             53
0        93.2708        55.9319             54
0        96.1733        55.9561             55
0        93.2669        56.0042             56
0        93.3586        56.0439             57
0        93.3236        56.0656             58
1        90.3381        56.0761             59
0        92.7503        56.0986             60
0        90.3317        56.1186             61
0        90.7461        56.1219             62
0        92.7681        56.1378             63
1        93.1439        56.1428             64
0        89.7808        56.1533             65
0        93.2358        56.1669             66
0        92.8947        56.1844             67
0        93.3406        56.1975             68
0        93.2531        56.2153             69
0        96.2989        56.2242             70
0        92.1503        56.2306             71
0        92.4572        56.2408             72
1        89.6211        56.2525             73
0        90.2594        56.2714             74
0        89.8797        56.2819             75
0        96.0169        56.2906             76
0        96.1803        56.2947             77
0        89.4464        56.3042             78
0        96.0633        56.3072             79
0        92.6603        56.3111             80
0        89.3283        56.3156             81
0        90.7244        56.3303             82
0        95.7586        56.3428             83
0        96.3408        56.3506             84
0        96.1106        56.3561             85
0        92.7333        56.3683             86
0        92.5142        56.3797             87
2        90.4314        56.3892             88
0        90.7442        56.3992             89
0        96.0597        56.4086             90
0        89.7294        56.4306             91
0        95.7814        56.4411             92
0        90.0656        56.4556             93
0        90.4614        56.4625             94
0        92.5586        56.4889             95
0        96.0103        56.5222             96
0        90.1147        56.5367             97
0        90.1575        56.5547             98
1        92.5819        56.5678             99
0        96.0622        56.5775            100
0        96.3314        56.6136            101
0        91.0092        56.6231            102
0        96.4111        56.6525            103
0        90.7669        56.6669            104
0        90.3761        56.6794            105
0        93.3231        56.6994            106
0        96.2911        56.7117            107
0        95.8697        56.7317            108
0        90.9053        56.7636            109
0        95.9517         56.775            110
0        96.1592        56.7858            111
0        90.6711        56.7997            112
0        90.2939        56.8053            113
0         92.895        56.8161            114
0        90.6678         56.825            115
0        95.9014         56.835            116
0        90.3964        56.8447            117
0        96.2158        56.8589            118
0        90.4619        56.8717            119
1        93.2619        56.8847            120
1          90.67        56.8928            121
2        93.1664        56.9069            122
0        95.8139        56.9208            123
0        93.1192        56.9517            124
1        96.3347        56.9731            125
0        91.4786        57.0031            126
0          91.47        57.0225            127
0        92.7867        57.0483            128
0        91.5014        57.0644            129
0        91.0892        57.0892            130
0         93.335        57.0997            131
0        90.8806        57.1525            132
0        96.4208        57.1919            133
0        90.8842        57.2294            134
0        93.2992        57.3225            135
0        92.7069        53.3497            136
0        92.7778        53.3767            137
0          92.97        53.4872            138
0        92.7256        53.5336            139
1        92.0311        53.5478            140
0        92.7633        53.5889            141
0        92.0342        53.6297            142
0        92.1336        53.6664            143
0        92.5908        53.7119            144
0        92.2064        53.7653            145
0        92.1083        53.7772            146
0        92.4444        53.8153            147
0        93.1119        53.8656            148
0        91.8019        53.9233            149
0        91.6475        53.9797            150
0        92.5647        54.0097            151
1        92.3853        54.0531            152
2        92.9306        54.0769            153
0        93.2694        54.0958            154
0        92.7819        54.1253            155
0        93.2625        54.1594            156
0        92.6006        54.1875            157
0        91.0797        54.8106            158
0        91.1628        54.8933            159
1        90.8483        54.9228            160
0        93.9306        54.9731            161
1        91.2681        55.0944            162
0        90.9944        55.1106            163
0        90.6811        55.1431            164
1        93.5042        55.1636            165
0         93.755        55.2039            166
0        93.5267        55.2572            167
0        93.3883        55.4214            168
0        93.8628        55.5367            169
0        93.8553        55.5775            170
0        93.7742        55.6375            171
0        90.4864        55.6869            172
0        90.0383        55.7017            173
0        93.9181        55.7136            174
0        89.8467        55.7272            175
0        90.8767        55.7581            176
0        89.8925        55.7744            177
0        90.1978        55.7872            178
0        91.0972        55.7961            179
0        90.8872        55.8306            180
0        90.0603        55.8492            181
0        90.2056        55.8608            182
1        93.5969        55.8919            183
0        90.0561        55.8953            184
0        95.8419        55.9047            185
1        90.7158        55.9233            186
2        94.7911        55.9269            187
0        94.9736         55.945            188
0        96.4378        55.9531            189
0        89.8378        55.9703            190
0        91.0511        55.9881            191
0        94.9736        56.0053            192
0        95.1528        56.0094            193
0        89.8636        56.0225            194
0        90.2847        56.0339            195
0        96.5753        56.0478            196
0        96.3544        56.0575            197
0        95.1653        56.0614            198
0        91.2825        56.0703            199
1        96.7361        56.0736            200
0        97.2481        56.0894            201
0        95.8206        56.1067            202
0        91.4744        56.1164            203
0         94.945        56.1331            204
0        97.0489          56.14            205
0        91.3083        56.1533            206
0        96.3953        56.1647            207
1        95.5711        56.1808            208
0        91.6561        56.1883            209
1        91.2522        56.2003            210
0        96.4331        56.2083            211
